0.125122, 56.356812, 19.329834
80.871582, 58.499146, 47.985840
35.028076, 89.593506, 82.281494
74.658203, 17.410278, 85.891724
71.047974, 51.351929, 30.398560
1.498413, 9.140015, 36.444092
14.730835, 16.589355, 98.849487
44.567871, 11.907959, 0.466919
0.891113, 37.786865, 53.164673
57.116699, 60.174561, 60.714722
16.622925, 66.302490, 45.077515
35.211182, 5.703735, 60.766602
78.329468, 80.258179, 51.986694
30.194092, 87.594604, 72.665405
95.587158, 92.568970, 53.933716
14.233398, 46.206665, 23.532104
86.221313, 20.959473, 77.963257
84.362793, 99.676514, 99.966431
61.148071, 39.242554, 26.620483
29.727173, 84.011841, 2.374268
37.585449, 9.262085, 67.718506
5.621338, 0.878906, 91.876221
27.587891, 27.288818, 58.789063
69.116211, 83.758545, 72.647095
48.492432, 20.535278, 74.371338
46.844482, 45.794678, 94.912720
74.441528, 10.827637, 59.902954
38.522339, 73.498535, 60.894775
57.238770, 36.132813, 15.155029
22.509766, 42.514038, 80.285645
51.708984, 98.995972, 75.152588
34.555054, 16.897583, 65.728760
49.188232, 6.353760, 69.973755
50.479126, 14.749146, 94.955444
14.157104, 90.509033, 69.287109
30.303955, 42.654419, 7.037354
96.658325, 68.316650, 15.322876
87.722778, 82.165527, 58.203125
19.134521, 17.788696, 81.716919
47.525024, 15.554810, 50.390625